{
    "camera_angle_x": 0.6911112070083618,
    "near": 2,
    "far": 15,
    "frames": [
        {
            "file_path": "./train/0000.png",
            "transform_matrix": [
                [
                    -0.8336036801338196,
                    -0.42355877161026,
                    0.35454607009887695,
                    2.3572816848754883
                ],
                [
                    0.5523630380630493,
                    -0.6392174959182739,
                    0.5350664258003235,
                    4.379673480987549
                ],
                [
                    -2.9802322387695312e-08,
                    0.6418713927268982,
                    0.766812264919281,
                    8.57769775390625
                ],
                [
                    0.0,
                    0.0,
                    0.0,
                    1.0
                ]
            ],
            "exposures": -1,
            "time": 1
        },
        {
            "file_path": "./train/0001.png",
            "transform_matrix": [
                [
                    -0.8381704688072205,
                    -0.4190148711204529,
                    0.34913721680641174,
                    2.295896530151367
                ],
                [
                    0.5454083681106567,
                    -0.6439319849014282,
                    0.5365456938743591,
                    4.3818359375
                ],
                [
                    -1.4901161193847656e-08,
                    0.6401391625404358,
                    0.7682589292526245,
                    8.574176788330078
                ],
                [
                    0.0,
                    0.0,
                    0.0,
                    1.0
                ]
            ],
            "exposures": 1,
            "time": 2
        },
        {
            "file_path": "./train/0002.png",
            "transform_matrix": [
                [
                    -0.8427245020866394,
                    -0.4143569767475128,
                    0.34369131922721863,
                    2.234511613845825
                ],
                [
                    0.5383450388908386,
                    -0.6486337780952454,
                    0.5380138754844666,
                    4.383998870849609
                ],
                [
                    0.0,
                    0.6384219527244568,
                    0.7696865797042847,
                    8.570655822753906
                ],
                [
                    0.0,
                    0.0,
                    0.0,
                    1.0
                ]
            ],
            "exposures": -3,
            "time": 3
        },
        {
            "file_path": "./train/0003.png",
            "transform_matrix": [
                [
                    -0.8473590016365051,
                    -0.4092448353767395,
                    0.3383805751800537,
                    2.17405104637146
                ],
                [
                    0.53102046251297,
                    -0.6530393958091736,
                    0.5399600267410278,
                    4.389739513397217
                ],
                [
                    0.0,
                    0.6372268795967102,
                    0.7706761956214905,
                    8.561309814453125
                ],
                [
                    0.0,
                    0.0,
                    0.0,
                    1.0
                ]
            ],
            "exposures": -1,
            "time": 4
        },
        {
            "file_path": "./train/0004.png",
            "transform_matrix": [
                [
                    -0.8566055297851562,
                    -0.39836037158966064,
                    0.32792672514915466,
                    2.055051326751709
                ],
                [
                    0.5159717798233032,
                    -0.6613494753837585,
                    0.5444170236587524,
                    4.405603408813477
                ],
                [
                    0.0,
                    0.6355515718460083,
                    0.772058367729187,
                    8.53548526763916
                ],
                [
                    0.0,
                    0.0,
                    0.0,
                    1.0
                ]
            ],
            "exposures": -3,
            "time": 6
        },
        {
            "file_path": "./train/0005.png",
            "transform_matrix": [
                [
                    -0.8611935973167419,
                    -0.39258694648742676,
                    0.32283270359039307,
                    1.9969357252120972
                ],
                [
                    0.5082768797874451,
                    -0.6651755571365356,
                    0.5469881892204285,
                    4.416172504425049
                ],
                [
                    0.0,
                    0.635151207447052,
                    0.7723879218101501,
                    8.518279075622559
                ],
                [
                    0.0,
                    0.0,
                    0.0,
                    1.0
                ]
            ],
            "exposures": -1,
            "time": 7
        },
        {
            "file_path": "./train/0006.png",
            "transform_matrix": [
                [
                    -0.8657024502754211,
                    -0.3866148889064789,
                    0.3179437518119812,
                    1.940820336341858
                ],
                [
                    0.5005589127540588,
                    -0.6686394214630127,
                    0.5498746633529663,
                    4.429219722747803
                ],
                [
                    0.0,
                    0.6351773738861084,
                    0.7723662853240967,
                    8.497038841247559
                ],
                [
                    0.0,
                    0.0,
                    0.0,
                    1.0
                ]
            ],
            "exposures": 1,
            "time": 8
        },
        {
            "file_path": "./train/0007.png",
            "transform_matrix": [
                [
                    -0.8701425790786743,
                    -0.3805077075958252,
                    0.3131544291973114,
                    1.8858336210250854
                ],
                [
                    0.49279990792274475,
                    -0.6718668937683105,
                    0.5529404282569885,
                    4.443665504455566
                ],
                [
                    0.0,
                    0.6354594826698303,
                    0.7721341848373413,
                    8.473522186279297
                ],
                [
                    0.0,
                    0.0,
                    0.0,
                    1.0
                ]
            ],
            "exposures": -3,
            "time": 9
        },
        {
            "file_path": "./train/0008.png",
            "transform_matrix": [
                [
                    -0.8786504864692688,
                    -0.3680261969566345,
                    0.30418747663497925,
                    1.7821956872940063
                ],
                [
                    0.4774654805660248,
                    -0.6772560477256775,
                    0.559777557849884,
                    4.478219985961914
                ],
                [
                    1.4901160305669237e-08,
                    0.6370877623558044,
                    0.7707912921905518,
                    8.417268753051758
                ],
                [
                    0.0,
                    0.0,
                    0.0,
                    1.0
                ]
            ],
            "exposures": 1,
            "time": 11
        },
        {
            "file_path": "./train/0009.png",
            "transform_matrix": [
                [
                    -0.8826810717582703,
                    -0.36174148321151733,
                    0.30002889037132263,
                    1.733795166015625
                ],
                [
                    0.4699725806713104,
                    -0.6794063448905945,
                    0.5635005831718445,
                    4.4979939460754395
                ],
                [
                    0.0,
                    0.6383965611457825,
                    0.7697075605392456,
                    8.385078430175781
                ],
                [
                    0.0,
                    0.0,
                    0.0,
                    1.0
                ]
            ],
            "exposures": -3,
            "time": 12
        },
        {
            "file_path": "./train/0010.png",
            "transform_matrix": [
                [
                    -0.8865579962730408,
                    -0.35545939207077026,
                    0.29608020186424255,
                    1.687613844871521
                ],
                [
                    0.4626173675060272,
                    -0.6812008619308472,
                    0.5674068331718445,
                    4.519270896911621
                ],
                [
                    0.0,
                    0.6400109529495239,
                    0.7683658003807068,
                    8.35044002532959
                ],
                [
                    0.0,
                    0.0,
                    0.0,
                    1.0
                ]
            ],
            "exposures": -1,
            "time": 13
        },
        {
            "file_path": "./train/0011.png",
            "transform_matrix": [
                [
                    -0.8902423977851868,
                    -0.34924784302711487,
                    0.2923943102359772,
                    1.644197940826416
                ],
                [
                    0.45548710227012634,
                    -0.6825994253158569,
                    0.5714800953865051,
                    4.541995525360107
                ],
                [
                    0.0,
                    0.6419376730918884,
                    0.7667567729949951,
                    8.313446044921875
                ],
                [
                    0.0,
                    0.0,
                    0.0,
                    1.0
                ]
            ],
            "exposures": 1,
            "time": 14
        },
        {
            "file_path": "./train/0012.png",
            "transform_matrix": [
                [
                    -0.8970214128494263,
                    -0.3371294438838959,
                    0.2858254015445709,
                    1.5657678842544556
                ],
                [
                    0.4419868290424347,
                    -0.6842111945152283,
                    0.5800885558128357,
                    4.591500759124756
                ],
                [
                    1.4901158529312397e-08,
                    0.6466829776763916,
                    0.7627589702606201,
                    8.232854843139648
                ],
                [
                    0.0,
                    0.0,
                    0.0,
                    1.0
                ]
            ],
            "exposures": -1,
            "time": 16
        },
        {
            "file_path": "./train/0013.png",
            "transform_matrix": [
                [
                    -0.9000808000564575,
                    -0.3313077986240387,
                    0.2830013632774353,
                    1.5313282012939453
                ],
                [
                    0.43572312593460083,
                    -0.6843882203102112,
                    0.5846008062362671,
                    4.618184566497803
                ],
                [
                    0.0,
                    0.6494981646537781,
                    0.7603631615638733,
                    8.189414024353027
                ],
                [
                    0.0,
                    0.0,
                    0.0,
                    1.0
                ]
            ],
            "exposures": 1,
            "time": 17
        },
        {
            "file_path": "./train/0014.png",
            "transform_matrix": [
                [
                    -0.90293288230896,
                    -0.3256697356700897,
                    0.2804485559463501,
                    1.4997501373291016
                ],
                [
                    0.42978158593177795,
                    -0.6842032074928284,
                    0.5891975164413452,
                    4.645745754241943
                ],
                [
                    0.0,
                    0.65253746509552,
                    0.7577564716339111,
                    8.144546508789062
                ],
                [
                    0.0,
                    0.0,
                    0.0,
                    1.0
                ]
            ],
            "exposures": -3,
            "time": 18
        },
        {
            "file_path": "./train/0015.png",
            "transform_matrix": [
                [
                    -0.9055225253105164,
                    -0.3202899396419525,
                    0.2782861292362213,
                    1.4721510410308838
                ],
                [
                    0.4242980182170868,
                    -0.6835520267486572,
                    0.5939089059829712,
                    4.674526214599609
                ],
                [
                    0.0,
                    0.6558741927146912,
                    0.7548702359199524,
                    8.09769344329834
                ],
                [
                    0.0,
                    0.0,
                    0.0,
                    1.0
                ]
            ],
            "exposures": -1,
            "time": 19
        },
        {
            "file_path": "./train/0016.png",
            "transform_matrix": [
                [
                    -0.9100143313407898,
                    -0.310297429561615,
                    0.2749353051185608,
                    1.4270308017730713
                ],
                [
                    0.41457679867744446,
                    -0.68111652135849,
                    0.6034950613975525,
                    4.734315872192383
                ],
                [
                    1.4901161193847656e-08,
                    0.6631709337234497,
                    0.7484679222106934,
                    8.000359535217285
                ],
                [
                    0.0,
                    0.0,
                    0.0,
                    1.0
                ]
            ],
            "exposures": -3,
            "time": 21
        },
        {
            "file_path": "./train/0017.png",
            "transform_matrix": [
                [
                    -0.9119492173194885,
                    -0.30567318201065063,
                    0.2737014591693878,
                    1.4090449810028076
                ],
                [
                    0.4103030562400818,
                    -0.679396390914917,
                    0.6083353161811829,
                    4.76505184173584
                ],
                [
                    -1.4901161193847656e-08,
                    0.6670714616775513,
                    0.7449936866760254,
                    7.950323581695557
                ],
                [
                    0.0,
                    0.0,
                    0.0,
                    1.0
                ]
            ],
            "exposures": -1,
            "time": 22
        },
        {
            "file_path": "./train/0018.png",
            "transform_matrix": [
                [
                    -0.9135352373123169,
                    -0.3015090227127075,
                    0.2730303406715393,
                    1.3967230319976807
                ],
                [
                    0.4067594110965729,
                    -0.6771548390388489,
                    0.6131949424743652,
                    4.796601295471191
                ],
                [
                    1.4901160305669237e-08,
                    0.6712329387664795,
                    0.7412464618682861,
                    7.898962497711182
                ],
                [
                    0.0,
                    0.0,
                    0.0,
                    1.0
                ]
            ],
            "exposures": 1,
            "time": 23
        },
        {
            "file_path": "./train/0019.png",
            "transform_matrix": [
                [
                    -0.9150182008743286,
                    -0.29748082160949707,
                    0.27248260378837585,
                    1.3857550621032715
                ],
                [
                    0.40341243147850037,
                    -0.6747446060180664,
                    0.6180437803268433,
                    4.8282470703125
                ],
                [
                    0.0,
                    0.6754442453384399,
                    0.7374110817909241,
                    7.847445011138916
                ],
                [
                    0.0,
                    0.0,
                    0.0,
                    1.0
                ]
            ],
            "exposures": -3,
            "time": 24
        },
        {
            "file_path": "./train/0020.png",
            "transform_matrix": [
                [
                    -0.9171465039253235,
                    -0.2906143069267273,
                    0.27273717522621155,
                    1.3774909973144531
                ],
                [
                    0.3985501527786255,
                    -0.6687637567520142,
                    0.6276247501373291,
                    4.892506122589111
                ],
                [
                    1.4901160305669237e-08,
                    0.6843233108520508,
                    0.7291787266731262,
                    7.74283504486084
                ],
                [
                    0.0,
                    0.0,
                    0.0,
                    1.0
                ]
            ],
            "exposures": 1,
            "time": 26
        },
        {
            "file_path": "./train/0021.png",
            "transform_matrix": [
                [
                    -0.9177122712135315,
                    -0.2879294455051422,
                    0.2736799120903015,
                    1.3816230297088623
                ],
                [
                    0.39724549651145935,
                    -0.6651714444160461,
                    0.6322523355484009,
                    4.924635410308838
                ],
                [
                    0.0,
                    0.6889438629150391,
                    0.7248147130012512,
                    7.690529823303223
                ],
                [
                    0.0,
                    0.0,
                    0.0,
                    1.0
                ]
            ],
            "exposures": -3,
            "time": 27
        },
        {
            "file_path": "./train/0022.png",
            "transform_matrix": [
                [
                    -0.9182707667350769,
                    -0.28524649143218994,
                    0.2746146023273468,
                    1.3857550621032715
                ],
                [
                    0.39595291018486023,
                    -0.6615269184112549,
                    0.6368700861930847,
                    4.956765174865723
                ],
                [
                    0.0,
                    0.693553626537323,
                    0.7204049825668335,
                    7.638225078582764
                ],
                [
                    0.0,
                    0.0,
                    0.0,
                    1.0
                ]
            ],
            "exposures": -1,
            "time": 28
        },
        {
            "file_path": "./train/0023.png",
            "transform_matrix": [
                [
                    -0.9184227585792542,
                    -0.283197820186615,
                    0.2762220799922943,
                    1.3967231512069702
                ],
                [
                    0.3956003785133362,
                    -0.6574698686599731,
                    0.6412750482559204,
                    4.988410472869873
                ],
                [
                    0.0,
                    0.6982352137565613,
                    0.7158684134483337,
                    7.586708068847656
                ],
                [
                    0.0,
                    0.0,
                    0.0,
                    1.0
                ]
            ],
            "exposures": 1,
            "time": 29
        },
        {
            "file_path": "./train/0024.png",
            "transform_matrix": [
                [
                    -0.9182273745536804,
                    -0.2798604369163513,
                    0.28024381399154663,
                    1.4270310401916504
                ],
                [
                    0.39605364203453064,
                    -0.6488401889801025,
                    0.6497290134429932,
                    5.050695896148682
                ],
                [
                    0.0,
                    0.707590639591217,
                    0.7066226005554199,
                    7.4853105545043945
                ],
                [
                    0.0,
                    0.0,
                    0.0,
                    1.0
                ]
            ],
            "exposures": -1,
            "time": 31
        },
        {
            "file_path": "./train/0025.png",
            "transform_matrix": [
                [
                    -0.9178317189216614,
                    -0.2786443531513214,
                    0.2827405035495758,
                    1.4472243785858154
                ],
                [
                    0.39696958661079407,
                    -0.6442524790763855,
                    0.6537231802940369,
                    5.081114292144775
                ],
                [
                    -1.4901160305669237e-08,
                    0.7122472524642944,
                    0.7019286751747131,
                    7.435791492462158
                ],
                [
                    0.0,
                    0.0,
                    0.0,
                    1.0
                ]
            ],
            "exposures": 1,
            "time": 32
        },
        {
            "file_path": "./train/0026.png",
            "transform_matrix": [
                [
                    -0.9171500205993652,
                    -0.27787917852401733,
                    0.28569018840789795,
                    1.472151517868042
                ],
                [
                    0.39854195713996887,
                    -0.6394731402397156,
                    0.6574483513832092,
                    5.110485553741455
                ],
                [
                    0.0,
                    0.7168383598327637,
                    0.6972393989562988,
                    7.38797664642334
                ],
                [
                    0.0,
                    0.0,
                    0.0,
                    1.0
                ]
            ],
            "exposures": -3,
            "time": 33
        },
        {
            "file_path": "./train/0027.png",
            "transform_matrix": [
                [
                    -0.9163101315498352,
                    -0.27734023332595825,
                    0.2888912558555603,
                    1.4997503757476807
                ],
                [
                    0.40046945214271545,
                    -0.6345793604850769,
                    0.6610091924667358,
                    5.139265537261963
                ],
                [
                    -1.4901161193847656e-08,
                    0.7213814854621887,
                    0.6925379633903503,
                    7.341124057769775
                ],
                [
                    0.0,
                    0.0,
                    0.0,
                    1.0
                ]
            ],
            "exposures": -1,
            "time": 34
        },
        {
            "file_path": "./train/0028.png",
            "transform_matrix": [
                [
                    -0.9139633178710938,
                    -0.2772672474384308,
                    0.29630014300346375,
                    1.5657685995101929
                ],
                [
                    0.405796617269516,
                    -0.6244805455207825,
                    0.66734778881073,
                    5.193511009216309
                ],
                [
                    0.0,
                    0.7301690578460693,
                    0.6832665801048279,
                    7.2528157234191895
                ],
                [
                    0.0,
                    0.0,
                    0.0,
                    1.0
                ]
            ],
            "exposures": -3,
            "time": 36
        },
        {
            "file_path": "./train/0029.png",
            "transform_matrix": [
                [
                    -0.9124884605407715,
                    -0.2776724696159363,
                    0.3004378080368042,
                    1.6035478115081787
                ],
                [
                    0.40910252928733826,
                    -0.6193383932113647,
                    0.6701157093048096,
                    5.218844413757324
                ],
                [
                    -1.4901161193847656e-08,
                    0.7343827486038208,
                    0.6787355542182922,
                    7.211574554443359
                ],
                [
                    0.0,
                    0.0,
                    0.0,
                    1.0
                ]
            ],
            "exposures": -1,
            "time": 37
        },
        {
            "file_path": "./train/0030.png",
            "transform_matrix": [
                [
                    -0.9108291268348694,
                    -0.2783319354057312,
                    0.3048306405544281,
                    1.6441985368728638
                ],
                [
                    0.4127837121486664,
                    -0.6141541600227356,
                    0.672624945640564,
                    5.243016242980957
                ],
                [
                    0.0,
                    0.7384754419326782,
                    0.6742803454399109,
                    7.172224044799805
                ],
                [
                    0.0,
                    0.0,
                    0.0,
                    1.0
                ]
            ],
            "exposures": 1,
            "time": 38
        },
        {
            "file_path": "./train/0031.png",
            "transform_matrix": [
                [
                    -0.9089824557304382,
                    -0.279257208108902,
                    0.30946117639541626,
                    1.687614917755127
                ],
                [
                    0.4168342649936676,
                    -0.6089708209037781,
                    0.6748360395431519,
                    5.265740871429443
                ],
                [
                    0.0,
                    0.7424082159996033,
                    0.6699476838111877,
                    7.13523006439209
                ],
                [
                    0.0,
                    0.0,
                    0.0,
                    1.0
                ]
            ],
            "exposures": -3,
            "time": 39
        },
        {
            "file_path": "./train/0032.png",
            "transform_matrix": [
                [
                    -0.9047481417655945,
                    -0.2818413972854614,
                    0.3193684220314026,
                    1.7821967601776123
                ],
                [
                    0.4259468615055084,
                    -0.5986555814743042,
                    0.6783662438392639,
                    5.30679178237915
                ],
                [
                    0.0,
                    0.7497845888137817,
                    0.6616820096969604,
                    7.068401336669922
                ],
                [
                    0.0,
                    0.0,
                    0.0,
                    1.0
                ]
            ],
            "exposures": 1,
            "time": 41
        },
        {
            "file_path": "./train/0033.png",
            "transform_matrix": [
                [
                    -0.9023576378822327,
                    -0.2835049331188202,
                    0.32461607456207275,
                    1.8331784009933472
                ],
                [
                    0.4309879541397095,
                    -0.5935730338096619,
                    0.6796472668647766,
                    5.324818134307861
                ],
                [
                    0.0,
                    0.7531905770301819,
                    0.657802402973175,
                    7.039055824279785
                ],
                [
                    0.0,
                    0.0,
                    0.0,
                    1.0
                ]
            ],
            "exposures": -3,
            "time": 42
        },
        {
            "file_path": "./train/0034.png",
            "transform_matrix": [
                [
                    -0.8998298645019531,
                    -0.28533974289894104,
                    0.32998085021972656,
                    1.8858354091644287
                ],
                [
                    0.43624088168144226,
                    -0.5885675549507141,
                    0.6806483268737793,
                    5.341346263885498
                ],
                [
                    1.4901160305669237e-08,
                    0.7564189434051514,
                    0.654087483882904,
                    7.012148380279541
                ],
                [
                    0.0,
                    0.0,
                    0.0,
                    1.0
                ]
            ],
            "exposures": -1,
            "time": 43
        },
        {
            "file_path": "./train/0035.png",
            "transform_matrix": [
                [
                    -0.8971087336540222,
                    -0.2874465882778168,
                    0.33551499247550964,
                    1.9408215284347534
                ],
                [
                    0.441809743642807,
                    -0.5836694240570068,
                    0.681273877620697,
                    5.355792045593262
                ],
                [
                    -1.4901161193847656e-08,
                    0.7594105005264282,
                    0.6506116986274719,
                    6.988631725311279
                ],
                [
                    0.0,
                    0.0,
                    0.0,
                    1.0
                ]
            ],
            "exposures": 1,
            "time": 44
        },
        {
            "file_path": "./train/0036.png",
            "transform_matrix": [
                [
                    -0.8912543058395386,
                    -0.2921929955482483,
                    0.34682705998420715,
                    2.0550525188446045
                ],
                [
                    0.4535038471221924,
                    -0.5742360949516296,
                    0.6816063523292542,
                    5.379408359527588
                ],
                [
                    1.4901160305669237e-08,
                    0.7647719979286194,
                    0.6443010568618774,
                    6.950185775756836
                ],
                [
                    0.0,
                    0.0,
                    0.0,
                    1.0
                ]
            ],
            "exposures": -1,
            "time": 46
        },
        {
            "file_path": "./train/0037.png",
            "transform_matrix": [
                [
                    -0.8881519436836243,
                    -0.29477545619010925,
                    0.3525526821613312,
                    2.113774299621582
                ],
                [
                    0.4595496952533722,
                    -0.5696998834609985,
                    0.6813634037971497,
                    5.388822078704834
                ],
                [
                    1.4901158529312397e-08,
                    0.7671697735786438,
                    0.641444206237793,
                    6.9348602294921875
                ],
                [
                    0.0,
                    0.0,
                    0.0,
                    1.0
                ]
            ],
            "exposures": 1,
            "time": 47
        },
        {
            "file_path": "./train/0038.png",
            "transform_matrix": [
                [
                    -0.8848595023155212,
                    -0.2976747751235962,
                    0.35834798216819763,
                    2.1740520000457764
                ],
                [
                    0.4658578336238861,
                    -0.5654093027114868,
                    0.6806531548500061,
                    5.3952717781066895
                ],
                [
                    0.0,
                    0.7692216634750366,
                    0.6389819979667664,
                    6.924360752105713
                ],
                [
                    0.0,
                    0.0,
                    0.0,
                    1.0
                ]
            ],
            "exposures": -3,
            "time": 48
        },
        {
            "file_path": "./train/0039.png",
            "transform_matrix": [
                [
                    -0.8815212845802307,
                    -0.300570547580719,
                    0.3641120493412018,
                    2.2345123291015625
                ],
                [
                    0.4721442759037018,
                    -0.561182975769043,
                    0.6798187494277954,
                    5.401012420654297
                ],
                [
                    -1.4901160305669237e-08,
                    0.7711881399154663,
                    0.6366073489189148,
                    6.91501522064209
                ],
                [
                    0.0,
                    0.0,
                    0.0,
                    1.0
                ]
            ],
            "exposures": -1,
            "time": 49
        },
        {
            "file_path": "./train/0040.png",
            "transform_matrix": [
                [
                    -0.8744655251502991,
                    -0.3069867491722107,
                    0.3755916655063629,
                    2.3572824001312256
                ],
                [
                    0.4850875437259674,
                    -0.553403913974762,
                    0.6770777106285095,
                    5.405338287353516
                ],
                [
                    1.4901160305669237e-08,
                    0.7742759585380554,
                    0.6328481435775757,
                    6.907973289489746
                ],
                [
                    0.0,
                    0.0,
                    0.0,
                    1.0
                ]
            ],
            "exposures": -3,
            "time": 51
        },
        {
            "file_path": "./train/0041.png",
            "transform_matrix": [
                [
                    -0.870769202709198,
                    -0.3105515241622925,
                    0.3812068998813629,
                    2.4186675548553467
                ],
                [
                    0.491691917181015,
                    -0.5499759316444397,
                    0.6751041412353516,
                    5.403175354003906
                ],
                [
                    0.0,
                    0.7752962708473206,
                    0.6315977573394775,
                    6.911494255065918
                ],
                [
                    0.0,
                    0.0,
                    0.0,
                    1.0
                ]
            ],
            "exposures": -1,
            "time": 52
        },
        {
            "file_path": "./train/0042.png",
            "transform_matrix": [
                [
                    -0.8670523762702942,
                    -0.3140414357185364,
                    0.38677915930747986,
                    2.4800527095794678
                ],
                [
                    0.4982169270515442,
                    -0.5465297698974609,
                    0.6731160283088684,
                    5.401012420654297
                ],
                [
                    0.0,
                    0.7763267755508423,
                    0.6303306818008423,
                    6.91501522064209
                ],
                [
                    0.0,
                    0.0,
                    0.0,
                    1.0
                ]
            ],
            "exposures": 1,
            "time": 53
        },
        {
            "file_path": "./train/0043.png",
            "transform_matrix": [
                [
                    -0.8632466793060303,
                    -0.31781482696533203,
                    0.3921718895435333,
                    2.540513277053833
                ],
                [
                    0.5047821402549744,
                    -0.543506920337677,
                    0.6706677079200745,
                    5.3952717781066895
                ],
                [
                    -1.4901160305669237e-08,
                    0.7769131064414978,
