{
    "camera_angle_x": 0.6911112070083618,
    "near": 2,
    "far": 15,
    "frames": [
        {
            "transform_matrix": [
                [
                    -0.8292385935783386,
                    -0.42748308181762695,
                    0.36002978682518005,
                    2.4186668395996094
                ],
                [
                    0.5588945746421814,
                    -0.6342617869377136,
                    0.5341805219650269,
                    4.3818359375
                ],
                [
                    0.0,
                    0.6441819071769714,
                    0.7648723721504211,
                    8.574176788330078
                ],
                [
                    0.0,
                    0.0,
                    0.0,
                    1.0
                ]
            ],
            "exposures": 0.1,
            "time": 0
        },
        {
            "transform_matrix": [
                [
                    -0.8336036801338196,
                    -0.42355877161026,
                    0.35454607009887695,
                    2.3572816848754883
                ],
                [
                    0.5523630380630493,
                    -0.6392174959182739,
                    0.5350664258003235,
                    4.379673480987549
                ],
                [
                    -2.9802322387695312e-08,
                    0.6418713927268982,
                    0.766812264919281,
                    8.57769775390625
                ],
                [
                    0.0,
                    0.0,
                    0.0,
                    1.0
                ]
            ],
            "exposures": 0.10066666666666667,
            "time": 1
        },
        {
            "transform_matrix": [
                [
                    -0.8381704688072205,
                    -0.4190148711204529,
                    0.34913721680641174,
                    2.295896530151367
                ],
                [
                    0.5454083681106567,
                    -0.6439319849014282,
                    0.5365456938743591,
                    4.3818359375
                ],
                [
                    -1.4901161193847656e-08,
                    0.6401391625404358,
                    0.7682589292526245,
                    8.574176788330078
                ],
                [
                    0.0,
                    0.0,
                    0.0,
                    1.0
                ]
            ],
            "exposures": 0.10133333333333334,
            "time": 2
        },
        {
            "transform_matrix": [
                [
                    -0.8427245020866394,
                    -0.4143569767475128,
                    0.34369131922721863,
                    2.234511613845825
                ],
                [
                    0.5383450388908386,
                    -0.6486337780952454,
                    0.5380138754844666,
                    4.383998870849609
                ],
                [
                    0.0,
                    0.6384219527244568,
                    0.7696865797042847,
                    8.570655822753906
                ],
                [
                    0.0,
                    0.0,
                    0.0,
                    1.0
                ]
            ],
            "exposures": 0.10200000000000001,
            "time": 3
        },
        {
            "transform_matrix": [
                [
                    -0.8473590016365051,
                    -0.4092448353767395,
                    0.3383805751800537,
                    2.17405104637146
                ],
                [
                    0.53102046251297,
                    -0.6530393958091736,
                    0.5399600267410278,
                    4.389739513397217
                ],
                [
                    0.0,
                    0.6372268795967102,
                    0.7706761956214905,
                    8.561309814453125
                ],
                [
                    0.0,
                    0.0,
                    0.0,
                    1.0
                ]
            ],
            "exposures": 0.10266666666666667,
            "time": 4
        },
        {
            "transform_matrix": [
                [
                    -0.8519877195358276,
                    -0.40396037697792053,
                    0.33306577801704407,
                    2.1137735843658447
                ],
                [
                    0.5235615968704224,
                    -0.6573615670204163,
                    0.5419953465461731,
                    4.396189212799072
                ],
                [
                    0.0,
                    0.6361539363861084,
                    0.7715621590614319,
                    8.550810813903809
                ],
                [
                    0.0,
                    0.0,
                    0.0,
                    1.0
                ]
            ],
            "exposures": 0.10333333333333333,
            "time": 5
        },
        {
            "transform_matrix": [
                [
                    -0.8566055297851562,
                    -0.39836037158966064,
                    0.32792672514915466,
                    2.055051326751709
                ],
                [
                    0.5159717798233032,
                    -0.6613494753837585,
                    0.5444170236587524,
                    4.405603408813477
                ],
                [
                    0.0,
                    0.6355515718460083,
                    0.772058367729187,
                    8.53548526763916
                ],
                [
                    0.0,
                    0.0,
                    0.0,
                    1.0
                ]
            ],
            "exposures": 0.10400000000000001,
            "time": 6
        },
        {
            "transform_matrix": [
                [
                    -0.8611935973167419,
                    -0.39258694648742676,
                    0.32283270359039307,
                    1.9969357252120972
                ],
                [
                    0.5082768797874451,
                    -0.6651755571365356,
                    0.5469881892204285,
                    4.416172504425049
                ],
                [
                    0.0,
                    0.635151207447052,
                    0.7723879218101501,
                    8.518279075622559
                ],
                [
                    0.0,
                    0.0,
                    0.0,
                    1.0
                ]
            ],
            "exposures": 0.10466666666666667,
            "time": 7
        },
        {
            "transform_matrix": [
                [
                    -0.8657024502754211,
                    -0.3866148889064789,
                    0.3179437518119812,
                    1.940820336341858
                ],
                [
                    0.5005589127540588,
                    -0.6686394214630127,
                    0.5498746633529663,
                    4.429219722747803
                ],
                [
                    0.0,
                    0.6351773738861084,
                    0.7723662853240967,
                    8.497038841247559
                ],
                [
                    0.0,
                    0.0,
                    0.0,
                    1.0
                ]
            ],
            "exposures": 0.10533333333333333,
            "time": 8
        },
        {
            "transform_matrix": [
                [
                    -0.8701425790786743,
                    -0.3805077075958252,
                    0.3131544291973114,
                    1.8858336210250854
                ],
                [
                    0.49279990792274475,
                    -0.6718668937683105,
                    0.5529404282569885,
                    4.443665504455566
                ],
                [
                    0.0,
                    0.6354594826698303,
                    0.7721341848373413,
                    8.473522186279297
                ],
                [
                    0.0,
                    0.0,
                    0.0,
                    1.0
                ]
            ],
            "exposures": 0.10600000000000001,
            "time": 9
        },
        {
            "transform_matrix": [
                [
                    -0.8744524717330933,
                    -0.37430331110954285,
                    0.30859339237213135,
                    1.833176851272583
                ],
                [
                    0.48511117696762085,
                    -0.6747122406959534,
                    0.5562647581100464,
                    4.460193634033203
                ],
                [
                    0.0,
                    0.6361292004585266,
                    0.7715824842453003,
                    8.446615219116211
                ],
                [
                    0.0,
                    0.0,
                    0.0,
                    1.0
                ]
            ],
            "exposures": 0.10666666666666667,
            "time": 10
        },
        {
            "transform_matrix": [
                [
                    -0.8786504864692688,
                    -0.3680261969566345,
                    0.30418747663497925,
                    1.7821956872940063
                ],
                [
                    0.4774654805660248,
                    -0.6772560477256775,
                    0.559777557849884,
                    4.478219985961914
                ],
                [
                    1.4901160305669237e-08,
                    0.6370877623558044,
                    0.7707912921905518,
                    8.417268753051758
                ],
                [
                    0.0,
                    0.0,
                    0.0,
                    1.0
                ]
            ],
            "exposures": 0.10733333333333334,
            "time": 11
        },
        {
            "transform_matrix": [
                [
                    -0.8826810717582703,
                    -0.36174148321151733,
                    0.30002889037132263,
                    1.733795166015625
                ],
                [
                    0.4699725806713104,
                    -0.6794063448905945,
                    0.5635005831718445,
                    4.4979939460754395
                ],
                [
                    0.0,
                    0.6383965611457825,
                    0.7697075605392456,
                    8.385078430175781
                ],
                [
                    0.0,
                    0.0,
                    0.0,
                    1.0
                ]
            ],
            "exposures": 0.10800000000000001,
            "time": 12
        },
        {
            "transform_matrix": [
                [
                    -0.8865579962730408,
                    -0.35545939207077026,
                    0.29608020186424255,
                    1.687613844871521
                ],
                [
                    0.4626173675060272,
                    -0.6812008619308472,
                    0.5674068331718445,
                    4.519270896911621
                ],
                [
                    0.0,
                    0.6400109529495239,
                    0.7683658003807068,
                    8.35044002532959
                ],
                [
                    0.0,
                    0.0,
                    0.0,
                    1.0
                ]
            ],
            "exposures": 0.10866666666666668,
            "time": 13
        },
        {
            "transform_matrix": [
                [
                    -0.8902423977851868,
                    -0.34924784302711487,
                    0.2923943102359772,
                    1.644197940826416
                ],
                [
                    0.45548710227012634,
                    -0.6825994253158569,
                    0.5714800953865051,
                    4.541995525360107
                ],
                [
                    0.0,
                    0.6419376730918884,
                    0.7667567729949951,
                    8.313446044921875
                ],
                [
                    0.0,
                    0.0,
                    0.0,
                    1.0
                ]
            ],
            "exposures": 0.10933333333333334,
            "time": 14
        },
        {
            "transform_matrix": [
                [
                    -0.8937350511550903,
                    -0.3431207835674286,
                    0.28897371888160706,
                    1.6035473346710205
                ],
                [
                    0.44859522581100464,
                    -0.6835985779762268,
                    0.5757215619087219,
                    4.56616735458374
                ],
                [
                    0.0,
                    0.6441747546195984,
                    0.7648782730102539,
                    8.274096488952637
                ],
                [
                    0.0,
                    0.0,
                    0.0,
                    1.0
                ]
            ],
            "exposures": 0.11,
            "time": 15
        },
        {
            "transform_matrix": [
                [
                    -0.8970214128494263,
                    -0.3371294438838959,
                    0.2858254015445709,
                    1.5657678842544556
                ],
                [
                    0.4419868290424347,
                    -0.6842111945152283,
                    0.5800885558128357,
                    4.591500759124756
                ],
                [
                    1.4901158529312397e-08,
                    0.6466829776763916,
                    0.7627589702606201,
                    8.232854843139648
                ],
                [
                    0.0,
                    0.0,
                    0.0,
                    1.0
                ]
            ],
            "exposures": 0.11066666666666668,
            "time": 16
        },
        {
            "transform_matrix": [
                [
                    -0.9000808000564575,
                    -0.3313077986240387,
                    0.2830013632774353,
                    1.5313282012939453
                ],
                [
                    0.43572312593460083,
                    -0.6843882203102112,
                    0.5846008062362671,
                    4.618184566497803
                ],
                [
                    0.0,
                    0.6494981646537781,
                    0.7603631615638733,
                    8.189414024353027
                ],
                [
                    0.0,
                    0.0,
                    0.0,
                    1.0
                ]
            ],
            "exposures": 0.11133333333333334,
            "time": 17
        },
        {
            "transform_matrix": [
                [
                    -0.90293288230896,
                    -0.3256697356700897,
                    0.2804485559463501,
                    1.4997501373291016
                ],
                [
                    0.42978158593177795,
                    -0.6842032074928284,
                    0.5891975164413452,
                    4.645745754241943
                ],
                [
                    0.0,
                    0.65253746509552,
                    0.7577564716339111,
                    8.144546508789062
                ],
                [
                    0.0,
                    0.0,
                    0.0,
                    1.0
                ]
            ],
            "exposures": 0.112,
            "time": 18
        },
        {
            "transform_matrix": [
                [
                    -0.9055225253105164,
                    -0.3202899396419525,
                    0.2782861292362213,
                    1.4721510410308838
                ],
                [
                    0.4242980182170868,
                    -0.6835520267486572,
                    0.5939089059829712,
                    4.674526214599609
                ],
                [
                    0.0,
                    0.6558741927146912,
                    0.7548702359199524,
                    8.09769344329834
                ],
                [
                    0.0,
                    0.0,
                    0.0,
                    1.0
                ]
            ],
            "exposures": 0.11266666666666666,
            "time": 19
        },
        {
            "transform_matrix": [
                [
                    -0.9079191088676453,
                    -0.3151171803474426,
                    0.27637672424316406,
                    1.4472241401672363
                ],
                [
                    0.41914549469947815,
                    -0.68258136510849,
                    0.5986649394035339,
                    4.703897476196289
                ],
                [
                    -1.4901161193847656e-08,
                    0.6593813896179199,
                    0.7518085837364197,
                    8.049878120422363
                ],
                [
                    0.0,
                    0.0,
                    0.0,
                    1.0
                ]
            ],
            "exposures": 0.11333333333333334,
            "time": 20
        },
        {
            "transform_matrix": [
                [
                    -0.9100143313407898,
                    -0.310297429561615,
                    0.2749353051185608,
                    1.4270308017730713
                ],
                [
                    0.41457679867744446,
                    -0.68111652135849,
                    0.6034950613975525,
                    4.734315872192383
                ],
                [
                    1.4901161193847656e-08,
                    0.6631709337234497,
                    0.7484679222106934,
                    8.000359535217285
                ],
                [
                    0.0,
                    0.0,
                    0.0,
                    1.0
                ]
            ],
            "exposures": 0.114,
            "time": 21
        },
        {
            "transform_matrix": [
                [
                    -0.9119492173194885,
                    -0.30567318201065063,
                    0.2737014591693878,
                    1.4090449810028076
                ],
                [
                    0.4103030562400818,
                    -0.679396390914917,
                    0.6083353161811829,
                    4.76505184173584
                ],
                [
                    -1.4901161193847656e-08,
                    0.6670714616775513,
                    0.7449936866760254,
                    7.950323581695557
                ],
                [
                    0.0,
                    0.0,
                    0.0,
                    1.0
                ]
            ],
            "exposures": 0.11466666666666667,
            "time": 22
        },
        {
            "transform_matrix": [
                [
                    -0.9135352373123169,
                    -0.3015090227127075,
                    0.2730303406715393,
                    1.3967230319976807
                ],
                [
                    0.4067594110965729,
                    -0.6771548390388489,
                    0.6131949424743652,
                    4.796601295471191
                ],
                [
                    1.4901160305669237e-08,
                    0.6712329387664795,
                    0.7412464618682861,
                    7.898962497711182
                ],
                [
                    0.0,
                    0.0,
                    0.0,
                    1.0
                ]
            ],
            "exposures": 0.11533333333333334,
            "time": 23
        },
        {
            "transform_matrix": [
                [
                    -0.9150182008743286,
                    -0.29748082160949707,
                    0.27248260378837585,
                    1.3857550621032715
                ],
                [
                    0.40341243147850037,
                    -0.6747446060180664,
                    0.6180437803268433,
                    4.8282470703125
                ],
                [
                    0.0,
                    0.6754442453384399,
                    0.7374110817909241,
                    7.847445011138916
                ],
                [
                    0.0,
                    0.0,
                    0.0,
                    1.0
                ]
            ],
            "exposures": 0.116,
            "time": 24
        },
        {
            "transform_matrix": [
                [
                    -0.9160903096199036,
                    -0.29404011368751526,
                    0.27261507511138916,
                    1.3816230297088623
                ],
                [
                    0.40097203850746155,
                    -0.6717857122421265,
                    0.6228365302085876,
                    4.860376358032227
                ],
                [
                    -1.4901161193847656e-08,
                    0.6798856258392334,
                    0.7333181500434875,
                    7.795139789581299
                ],
                [
                    0.0,
                    0.0,
                    0.0,
                    1.0
                ]
            ],
            "exposures": 0.11666666666666667,
            "time": 25
        },
        {
            "transform_matrix": [
                [
                    -0.9171465039253235,
                    -0.2906143069267273,
                    0.27273717522621155,
                    1.3774909973144531
                ],
                [
                    0.3985501527786255,
                    -0.6687637567520142,
                    0.6276247501373291,
                    4.892506122589111
                ],
                [
                    1.4901160305669237e-08,
                    0.6843233108520508,
                    0.7291787266731262,
                    7.74283504486084
                ],
                [
                    0.0,
                    0.0,
                    0.0,
                    1.0
                ]
            ],
            "exposures": 0.11733333333333335,
            "time": 26
        },
        {
            "transform_matrix": [
                [
                    -0.9177122712135315,
                    -0.2879294455051422,
                    0.2736799120903015,
                    1.3816230297088623
                ],
                [
                    0.39724549651145935,
                    -0.6651714444160461,
                    0.6322523355484009,
                    4.924635410308838
                ],
                [
                    0.0,
                    0.6889438629150391,
                    0.7248147130012512,
                    7.690529823303223
                ],
                [
                    0.0,
                    0.0,
                    0.0,
                    1.0
                ]
            ],
            "exposures": 0.11800000000000001,
            "time": 27
        },
        {
            "transform_matrix": [
                [
                    -0.9182707667350769,
                    -0.28524649143218994,
                    0.2746146023273468,
                    1.3857550621032715
                ],
                [
                    0.39595291018486023,
                    -0.6615269184112549,
                    0.6368700861930847,
                    4.956765174865723
                ],
                [
                    0.0,
                    0.693553626537323,
                    0.7204049825668335,
                    7.638225078582764
                ],
                [
                    0.0,
                    0.0,
                    0.0,
                    1.0
                ]
            ],
            "exposures": 0.11866666666666667,
            "time": 28
        },
        {
            "transform_matrix": [
                [
                    -0.9184227585792542,
                    -0.283197820186615,
                    0.2762220799922943,
                    1.3967231512069702
                ],
                [
                    0.3956003785133362,
                    -0.6574698686599731,
                    0.6412750482559204,
                    4.988410472869873
                ],
                [
                    0.0,
                    0.6982352137565613,
                    0.7158684134483337,
                    7.586708068847656
                ],
                [
                    0.0,
                    0.0,
                    0.0,
                    1.0
                ]
            ],
            "exposures": 0.11933333333333335,
            "time": 29
        },
        {
            "transform_matrix": [
                [
                    -0.9184942841529846,
                    -0.28126129508018494,
                    0.2779574990272522,
                    1.4090452194213867
                ],
                [
                    0.39543431997299194,
                    -0.6532991528511047,
                    0.6456252336502075,
                    5.019960403442383
                ],
                [
                    0.0,
                    0.7029169797897339,
                    0.7112718820571899,
                    7.535346508026123
                ],
                [
                    0.0,
                    0.0,
                    0.0,
                    1.0
                ]
            ],
            "exposures": 0.12,
            "time": 30
        },
        {
            "transform_matrix": [
                [
                    -0.9182273745536804,
                    -0.2798604369163513,
                    0.28024381399154663,
                    1.4270310401916504
                ],
                [
                    0.39605364203453064,
                    -0.6488401889801025,
                    0.6497290134429932,
                    5.050695896148682
                ],
                [
                    0.0,
                    0.707590639591217,
                    0.7066226005554199,
                    7.4853105545043945
                ],
                [
                    0.0,
                    0.0,
                    0.0,
                    1.0
                ]
            ],
            "exposures": 0.12066666666666667,
            "time": 31
        },
        {
            "transform_matrix": [
                [
                    -0.9178317189216614,
                    -0.2786443531513214,
                    0.2827405035495758,
                    1.4472243785858154
                ],
                [
                    0.39696958661079407,
                    -0.6442524790763855,
                    0.6537231802940369,
                    5.081114292144775
                ],
                [
                    -1.4901160305669237e-08,
                    0.7122472524642944,
                    0.7019286751747131,
                    7.435791492462158
                ],
                [
                    0.0,
                    0.0,
                    0.0,
                    1.0
                ]
            ],
            "exposures": 0.12133333333333333,
            "time": 32
        },
        {
            "transform_matrix": [
                [
                    -0.9171500205993652,
                    -0.27787917852401733,
                    0.28569018840789795,
                    1.472151517868042
                ],
                [
                    0.39854195713996887,
                    -0.6394731402397156,
                    0.6574483513832092,
                    5.110485553741455
                ],
                [
                    0.0,
                    0.7168383598327637,
                    0.6972393989562988,
                    7.38797664642334
                ],
                [
                    0.0,
                    0.0,
                    0.0,
                    1.0
                ]
            ],
            "exposures": 0.122,
            "time": 33
        },
        {
            "transform_matrix": [
                [
                    -0.9163101315498352,
                    -0.27734023332595825,
                    0.2888912558555603,
                    1.4997503757476807
                ],
                [
                    0.40046945214271545,
                    -0.6345793604850769,
                    0.6610091924667358,
                    5.139265537261963
                ],
                [
                    -1.4901161193847656e-08,
                    0.7213814854621887,
                    0.6925379633903503,
                    7.341124057769775
                ],
                [
                    0.0,
                    0.0,
                    0.0,
                    1.0
                ]
            ],
            "exposures": 0.12266666666666667,
            "time": 34
        },
        {
            "transform_matrix": [
                [
                    -0.9152243733406067,
                    -0.27718064188957214,
                    0.2924642562866211,
                    1.531328797340393
                ],
                [
                    0.40294474363327026,
                    -0.6295713782310486,
                    0.6642856597900391,
                    5.166827201843262
                ],
                [
                    0.0,
                    0.7258173227310181,
                    0.6878874897956848,
                    7.296255588531494
                ],
                [
                    0.0,
                    0.0,
                    0.0,
                    1.0
                ]
            ],
            "exposures": 0.12333333333333334,
            "time": 35
        },
        {
            "transform_matrix": [
                [
                    -0.9139633178710938,
                    -0.2772672474384308,
                    0.29630014300346375,
                    1.5657685995101929
                ],
                [
                    0.405796617269516,
                    -0.6244805455207825,
                    0.66734778881073,
                    5.193511009216309
                ],
                [
                    0.0,
                    0.7301690578460693,
                    0.6832665801048279,
                    7.2528157234191895
                ],
                [
                    0.0,
                    0.0,
                    0.0,
                    1.0
                ]
            ],
            "exposures": 0.124,
            "time": 36
        },
        {
            "transform_matrix": [
                [
                    -0.9124884605407715,
                    -0.2776724696159363,
                    0.3004378080368042,
                    1.6035478115081787
                ],
                [
                    0.40910252928733826,
                    -0.6193383932113647,
                    0.6701157093048096,
                    5.218844413757324
                ],
                [
                    -1.4901161193847656e-08,
                    0.7343827486038208,
                    0.6787355542182922,
                    7.211574554443359
                ],
                [
                    0.0,
                    0.0,
                    0.0,
                    1.0
                ]
            ],
            "exposures": 0.12466666666666668,
            "time": 37
        },
        {
            "transform_matrix": [
                [
                    -0.9108291268348694,
                    -0.2783319354057312,
                    0.3048306405544281,
                    1.6441985368728638
                ],
                [
                    0.4127837121486664,
                    -0.6141541600227356,
                    0.672624945640564,
                    5.243016242980957
                ],
                [
                    0.0,
                    0.7384754419326782,
                    0.6742803454399109,
                    7.172224044799805
                ],
                [
                    0.0,
                    0.0,
                    0.0,
                    1.0
                ]
            ],
            "exposures": 0.12533333333333335,
            "time": 38
        },
        {
            "transform_matrix": [
                [
                    -0.9089824557304382,
                    -0.279257208108902,
                    0.30946117639541626,
                    1.687614917755127
                ],
                [
                    0.4168342649936676,
                    -0.6089708209037781,
                    0.6748360395431519,
                    5.265740871429443
                ],
                [
                    0.0,
                    0.7424082159996033,
                    0.6699476838111877,
                    7.13523006439209
                ],
                [
                    0.0,
                    0.0,
                    0.0,
                    1.0
                ]
            ],
            "exposures": 0.126,
            "time": 39
        },
        {
            "transform_matrix": [
                [
                    -0.90694659948349,
                    -0.2804403603076935,
                    0.3143264651298523,
                    1.7337963581085205
                ],
                [
                    0.4212456941604614,
                    -0.6037911772727966,
                    0.6767483353614807,
                    5.287017822265625
                ],
                [
                    0.0,
                    0.7461832165718079,
                    0.6657406091690063,
                    7.100592136383057
                ],
                [
                    0.0,
                    0.0,
                    0.0,
                    1.0
                ]
            ],
            "exposures": 0.12666666666666668,
            "time": 40
        },
        {
            "transform_matrix": [
                [
                    -0.9047481417655945,
                    -0.2818413972854614,
                    0.3193684220314026,
                    1.7821967601776123
                ],
                [
                    0.4259468615055084,
                    -0.5986555814743042,
                    0.6783662438392639,
                    5.30679178237915
                ],
                [
                    0.0,
                    0.7497845888137817,
                    0.6616820096969604,
                    7.068401336669922
                ],
                [
                    0.0,
                    0.0,
                    0.0,
                    1.0
                ]
            ],
            "exposures": 0.12733333333333333,
            "time": 41
        },
        {
            "transform_matrix": [
                [
                    -0.9023576378822327,
                    -0.2835049331188202,
                    0.32461607456207275,
                    1.8331784009933472
                ],
                [
                    0.4309879541397095,
                    -0.5935730338096619,
                    0.6796472668647766,
                    5.324818134307861
                ],
                [
                    0.0,
                    0.7531905770301819,
                    0.657802402973175,
                    7.039055824279785
                ],
                [
                    0.0,
                    0.0,
                    0.0,
                    1.0
                ]
            ],
            "exposures": 0.128,
            "time": 42
        },
        {
            "transform_matrix": [
                [
                    -0.8998298645019531,
                    -0.28533974289894104,
                    0.32998085021972656,
                    1.8858354091644287
                ],
                [
                    0.43624088168144226,
                    -0.5885675549507141,
                    0.6806483268737793,
                    5.341346263885498
                ],
                [
                    1.4901160305669237e-08,
                    0.7564189434051514,
                    0.654087483882904,
                    7.012148380279541
                ],
                [
                    0.0,
                    0.0,
                    0.0,
                    1.0
                ]
            ],
            "exposures": 0.12866666666666668,
            "time": 43
        },
        {
            "transform_matrix": [
                [
                    -0.8971087336540222,
                    -0.2874465882778168,
                    0.33551499247550964,
                    1.9408215284347534
                ],
                [
                    0.441809743642807,
                    -0.5836694240570068,
                    0.681273877620697,
                    5.355792045593262
                ],
                [
                    -1.4901161193847656e-08,
                    0.7594105005264282,
                    0.6506116986274719,
                    6.988631725311279
                ],
                [
                    0.0,
                    0.0,
                    0.0,
                    1.0
                ]
            ],
            "exposures": 0.12933333333333333,
            "time": 44
        },
        {
            "transform_matrix": [
                [
                    -0.8942781686782837,
                    -0.2896749973297119,
                    0.34110838174819946,
                    1.9969366788864136
                ],
